x = [
-3.99041282527965
-3.98959545039523
-3.97284701628554
-3.96336300842141
-3.94121071117722
-3.92193080091872
-3.87484245842778
-3.84303146587533
-3.80115812924102
-3.79114313476076
-3.73456475238298
-3.61009125774187
-3.59728010608837
-3.55219074089768
-3.54925585165315
-3.54453691651802
-3.53876511028102
-3.45314223623337
-3.40728338511259
-3.37544757574053
-3.33629880711565
-3.30547919307333
-3.26281852155917
-3.21841665470846
-3.19399590463012
-3.13586644690593
-3.12532608380523
-3.09907887179963
-3.07105189776480
-3.04634192462970
-3.02248679261264
-3.01424385340395
-2.89080822725924
-2.87795712584445
-2.86012756143223
-2.85475182333139
-2.81720425573985
-2.77999490398024
-2.76672440663940
-2.63161585979642
-2.60917570107999
-2.60086347731374
-2.59350617379576
-2.56558524942569
-2.49829641139786
-2.48968021886716
-2.48656263204212
-2.41464239146879
-2.25604960999877
-2.25513016173376
-2.23458486453581
-2.23052435248738
-2.17577341119640
-2.17049932783823
-2.08567515045164
-2.06798606612710
-2.05483856474760
-2.05141301855239
-1.94572349383882
-1.94173772184112
-1.91895844710048
-1.88101925161128
-1.85539200701299
-1.82862700465988
-1.80150876129999
-1.76486427797628
-1.72141018511506
-1.70058186013966
-1.61955692679105
-1.59852479028880
-1.46864389013966
-1.45584706002612
-1.42458253453661
-1.33942874131559
-1.30773659359150
-1.22190949822693
-1.11703218366037
-1.11640885296844
-1.06248075746106
-1.03308224821276
-1.00921867328015
-0.991911072601964
-0.880554742748120
-0.878592494955147
-0.858523392207108
-0.848932584146427
-0.788905169484058
-0.780531601492447
-0.770970697811143
-0.769146310158346
-0.745785918278195
-0.601132706362994
-0.564821303313558
-0.555227841124662
-0.547910536784873
-0.518595634424385
-0.509383380159179
-0.487702372898647
-0.474922553913279
-0.460816855670680
-0.449233306184341
-0.397409498132376
-0.384434325916914
-0.324959616269397
-0.138628996828690
-0.0394646095963269
0.00169059424881901
0.0132728539735218
0.0351828807421333
0.0410648143905803
0.0627906466362926
0.135832117649705
0.135974064775559
0.161035322485936
0.190240295726956
0.258264568487109
0.259411860001061
0.260988019794771
0.344497402750813
0.388530398855709
0.418478756061839
0.421857065431540
0.431096526330200
0.474964579224031
0.572925803232713
0.608447211972456
0.631387939672749
0.652656665702926
0.659762413890297
0.684873005615027
0.723865417140574
0.727237843242691
0.732755271259503
0.759794390476770
0.791084882942920
0.796684384982511
0.869083445079917
0.939121371632674
1.00204144143232
1.16103029285906
1.16427604785057
1.20032601540313
1.24731056205713
1.29276954466171
1.35234072065244
1.36932986390922
1.37149437257968
1.37816189965943
1.44030912368111
1.44052424066689
1.49310251597043
1.55523127747643
1.59693589117644
1.64457486504855
1.64760603399107
1.65125782030048
1.73197877203505
1.75546202076799
1.81531640730122
1.82609478258267
1.98130270113373
2.09236948535717
2.09926439030971
2.09931587202394
2.10309676728593
2.13345598897190
2.17892970890434
2.28056065547205
2.54971549766595
2.65777180226254
2.66690850762507
2.67351248845520
2.69736508301644
2.71757936575735
2.78967381166626
2.82450903367935
2.85101526182609
2.90968692044693
2.91094578346889
2.93509643738006
3.12743056820556
3.20846324546180
3.23484382574355
3.25154613208002
3.26441762549415
3.27278550240706
3.28156181355585
3.33457016202990
3.48529100413280
3.50846291465474
3.51503812707391
3.53535144249026
3.56984122815941
3.63742619264360
3.65133088806419
3.69246858482931
3.69728824809008
3.77199710649011
3.83812179180789
3.89574619826927];

d = [
0.468492887952800
0.113015066354905
-0.322147652877510
-0.115640567443068
-0.252006016520990
0.419411872908466
-0.0579186972310927
0.143715071961105
0.425243450583898
0.128948083383138
0.217025685700411
0.540953653777567
-0.279329189399525
0.126641951761520
-0.159676456608536
0.163147645267296
-0.426329858753484
0.178501982584923
-0.264465038561048
-0.0246190734396109
0.663352919831264
0.439581761620487
0.0320845046337801
-0.277922824703675
-0.0749260783269981
-0.271967070801177
-0.187696670977788
0.375903725418122
-0.237884861470222
-0.0327417958515936
0.361828221087651
-0.159373443198542
0.259819636905542
0.521032094929059
-0.381329531112377
0.390908738658978
0.612121300951695
0.261275686949045
0.335199440721496
0.380580068131123
0.110754960779402
0.607806510084845
0.261543251459095
0.171817273121221
0.502206320767830
0.508671969311678
-0.0339046771749795
0.493565744479001
0.0328243607130498
0.892623627038415
0.905316466609602
0.704186203134431
1.44084435659626
0.324852131486306
0.601592881807057
0.813527117222676
1.24087129993676
1.28816869415607
1.03651132772207
1.19688112853476
1.24348533719947
1.24664471109563
1.22619698441594
1.37362657504186
1.05578134821964
1.27946052396624
1.37208784845449
1.59139230911971
1.34685883193147
1.38103250103638
1.79996571376561
2.09423883027001
2.07181532709318
1.47569525698999
1.87720465600270
1.23230172838440
1.95673342568858
1.53683941885545
1.59891435587231
2.17232812958105
2.04991476527182
2.41768415661173
1.82680461319537
1.83056195514346
1.93980337377835
1.77128837522024
2.42812148930396
1.93668484404619
1.98589486959606
2.14169395376411
2.48376582702960
2.20508318850969
1.47934172540447
1.27859497730999
1.41857091361581
1.42253635223518
1.96826597072226
1.46726563907789
1.69563292216579
1.97284151272750
1.50190088513509
1.69220693071656
1.89543441482206
1.42793155686750
1.13931164164040
1.11659176748578
1.27182480045017
0.590593775258086
0.582646324475298
1.28987980256334
1.07189771288313
0.842988080340325
1.46488482758550
1.04069679440157
0.661994648703242
0.974579149467380
1.09737402492031
0.709855748538878
1.04017954518505
0.666943720412949
0.511501204206416
0.744831664355796
0.741818432119296
0.821358765952562
0.750822450676255
0.489887566462068
0.556448679562893
0.290806734871186
0.941582667904832
0.986566209960965
0.856075727705104
0.816377803521818
1.16996035819992
0.163102961333570
0.183306941926139
0.653102170942235
0.609536500545765
1.01340971104833
0.688877727570557
1.39771698940785
0.309566567284579
0.995510278575669
0.912494221803621
0.271607404359587
0.304473865087396
0.380175280963888
1.21159078782451
0.573362160112678
0.374026649941276
0.748854623637507
0.545655292014915
1.11233725964004
0.563995347675029
0.304998105789649
0.742595260620967
0.474003467074127
0.624188006454213
0.774246233492600
0.581283357237169
-0.00587876605574722
0.544272875898241
0.379975227822732
0.103936019404604
0.329074434197843
0.319699448620737
-0.302009407534561
0.188768725056936
0.455630245526735
0.997473644656963
0.438037262874341
1.03541959089119
0.0518066497419402
0.140682212734941
0.408951931779547
-0.243479684635578
0.0487168758873272
0.314633816074053
-0.0646226114351429
0.109119508938023
0.123523611419979
0.0196852443463242
-0.438992202968699
-0.558837350211568
0.356992873112474
0.201279048702623
0.121762865682620
-0.311791375417991
0.152730671990102
0.0463644543479240
-0.594994006550392
0.296655984467166
0.0466907959843067
0.361329389770836
0.884750725675493
0.296043382155041
0.150413560700181
0.723249353160408
-0.0706001367640450
-0.385201822437162
0.769720927125789];

