mat = [
-3.99079154296714	-0.293062503083510
-3.96292620692746	-0.428383561915241
-3.94627748545218	-0.287326358020780
-3.90478344399007	-0.207303043737074
-3.87677249878756	0.112447677935029
-3.87610299491185	-0.114002268116080
-3.81989925807815	-0.0121704380135131
-3.77060678028715	0.899068841163988
-3.76623777950283	-0.433745285041752
-3.75567242956291	-0.0938749153056290
-3.74533722898063	-0.561907017168933
-3.73919343575578	0.381769021401367
-3.73116931146856	-0.168268185613397
-3.72443135597673	0.0420420450470607
-3.71430657140648	-0.0327145856740833
-3.71389813384706	-0.0394645246973350
-3.69808907008358	0.0597786533965276
-3.66055089999407	0.469243498215575
-3.65580958673754	0.0684862177592077
-3.63062887495077	0.0381218548463382
-3.60276455739406	0.120517182928852
-3.57858401855366	0.00606765976106448
-3.56839905066714	-0.485499151769094
-3.52304905936289	-0.208414042934589
-3.52176365642275	-0.708418075923761
-3.51623056664085	0.0158162376458822
-3.45605785223992	-0.173354305656865
-3.44955120705559	0.184871039057271
-3.42843628319486	0.176741462909527
-3.39316568349549	0.100851124484780
-3.39226646647326	-0.544205787753773
-3.37459576997453	0.385384927304176
-3.35099384907372	-0.115885308993297
-3.33224148112869	0.335794707614695
-3.32942897602454	0.0512710011545517
-3.32451323591272	0.345517226456812
-3.31587362327965	-0.0249587471376868
-3.27341371370048	-0.618491300878812
-3.27109229050772	0.216049645719892
-3.24616528889812	0.213141691345786
-3.22836379865289	0.140520146252640
-3.22615979375306	-0.419354519614330
-3.22294575011322	0.793512301103229
-3.21967676000472	-0.463346166332482
-3.21030177075541	-0.0562411535595400
-3.15496637336782	0.164144654134694
-3.15026924057069	0.314747385355844
-3.14677783855533	-0.136584602139473
-3.14590510714207	0.139682853862805
-3.13784787805006	-0.196145564623974
-3.11104621247521	-0.156353999280305
-3.11037795764970	0.106373587521067
-3.06065879315355	-0.243967428237531
-3.04801854753299	0.0736030194140277
-3.04483001762156	0.106543310753647
-3.03510709362270	-0.138984168263338
-3.01344852131868	-0.218505742691238
-2.98410546965195	0.712197349983640
-2.97588480223862	0.296782058473982
-2.96075033221016	0.170341630810320
-2.94421365914932	0.300905422770800
-2.93463193914271	-0.399834188868855
-2.91145153033069	0.182885820195918
-2.90757490115704	0.331506590533025
-2.89100445737057	0.513319171027732
-2.86490929098228	1.10066960054623
-2.84036161421019	0.421762361244976
-2.83568815692226	0.621694584408695
-2.80564795552754	0.119947393042987
-2.80107646017627	-0.233832862384464
-2.78097584824622	0.264111938360154
-2.77823039649415	0.818341361480305
-2.77074625926955	-0.169530456505615
-2.74876038218749	-0.0704953591493454
-2.73909534657961	0.348526402463934
-2.70812204550600	0.179258316813379
-2.70254153445406	0.587353591772819
-2.69910611844296	0.515392966275677
-2.67481016400175	0.389964104414107
-2.66265272068275	0.0531270550971703
-2.65658283454195	0.101349990185193
-2.64807976429837	0.127178112359263
-2.63433562281713	0.0148103243241441
-2.63103146914854	0.133763455966155
-2.63050649750751	-0.371655799359075
-2.61289109504796	0.312529901535782
-2.59300467453175	0.0668284845981741
-2.57494036479730	0.345408053741293
-2.56987050598105	1.01659019746268
-2.54522377357718	0.0164548955821942
-2.53662024468069	0.143360872608914
-2.53191075410184	0.460208316202101
-2.52873769374067	0.132931275705012
-2.52146943900691	0.698936265207058
-2.50501916356497	0.140374984915681
-2.49070418566807	0.333467185325980
-2.48835987973964	0.817932296034054
-2.47653386256037	0.311727831555805
-2.47261043810958	0.289238650373865
-2.46603795630562	0.984618662407120
-2.44188568346361	0.170467660256872
-2.42723799655033	0.986533155467771
-2.41752138651257	0.752863095848293
-2.41505277965620	0.721658832672106
-2.33806165813577	0.960693581208285
-2.32852062059182	0.640832877812553
-2.22602612786208	0.471966414429311
-2.20950448407090	0.645805332683530
-2.20767975340625	0.521157107658446
-2.19262575222081	0.310630198387476
-2.19049856197859	0.651652376562043
-2.17868561746757	0.364534307512864
-2.16818425026545	1.36311479808015
-2.15609471830753	1.05824321866957
-2.14724490633181	0.860611506987879
-2.12176069302075	0.721784388558902
-2.11015538404963	2.01303025722464
-2.10173136182783	0.727750459579174
-2.08067077157074	0.262762386550791
-2.08054391545026	0.534531548230356
-2.08037979468078	0.565119206993201
-2.07434371615872	1.19000838820291
-2.06646971268934	0.818101386642128
-2.05720321345465	0.871006160658269
-2.05180025020009	1.17855473295766
-1.99132913619175	0.546323146330891
-1.98555102022150	1.45148868083368
-1.96574256822775	1.38895377803381
-1.96167874722396	1.49895863565089
-1.95923907632585	1.00289227072100
-1.94847206216682	0.977907622546450
-1.93993396701011	0.984666395610906
-1.93548243270346	1.26046207904168
-1.92103677719477	1.44120221988605
-1.91417600755628	0.622921952651424
-1.90503052903427	1.45121171641585
-1.90230601775324	0.944035861614376
-1.90014212241334	0.155546870899693
-1.89622972367885	1.39893779492344
-1.88957666782408	1.06040122581354
-1.87775272151977	0.744405061959086
-1.86822807376742	0.976437796187239
-1.84750730651185	1.51313453206238
-1.84704458881155	0.851166029356436
-1.79179938401137	1.65154173426594
-1.78461612031288	1.35692475049235
-1.77201424906361	1.64086712022986
-1.75195757972903	1.25796514507327
-1.71328784943701	1.32653283348481
-1.70001461547095	1.72900755698579
-1.68748342660419	1.63699407398424
-1.67647468578417	1.67354867789072
-1.66412736030628	1.51607290878582
-1.62943355513781	1.75013020924884
-1.62659301425338	1.87298391123401
-1.59002935776407	1.51869751008563
-1.58836041030348	1.73446850773582
-1.54920422386754	1.76916526727922
-1.51118170679670	1.55369172455749
-1.51027966364156	1.81073458464805
-1.49824890543508	1.96428636078756
-1.46320415951312	1.81092703851376
-1.44977358459294	1.48293566083629
-1.44320211855603	1.59773914627013
-1.42022554250577	1.63789089959094
-1.39883454543552	1.52730453819739
-1.32669557810003	1.70467636770161
-1.31714528029763	1.43410804429459
-1.30301884480895	1.67222478993415
-1.29824472142898	1.91608370951509
-1.28405269287394	1.84740016390290
-1.27691418667093	1.81664930677181
-1.27100314360713	1.53915542364521
-1.24898396708014	2.22817698666930
-1.24430070959166	2.55949544456113
-1.20012987212153	2.17210914309919
-1.19825589247116	2.12408209960115
-1.19418317138493	2.05012084839007
-1.19238095286183	1.89533006151438
-1.18672394349603	1.97063274645589
-1.17473143022343	1.54333293306193
-1.06050681164419	2.45836933208170
-1.05212322807731	1.59050617296973
-1.04866763148884	2.06606509851776
-1.04602575103828	1.52986337431944
-1.02072207955570	1.76878132588754
-0.989822317769347	1.69752865208102
-0.971124938717852	1.95791308995566
-0.956433224197147	2.12981536095065
-0.947532343255933	1.61126369096208
-0.923047005044714	1.86408154956074
-0.905830443832123	2.02928246489994
-0.882089304309973	2.53277829893557
-0.872497581410116	2.06549289534609
-0.862183843726655	2.36315542970877
-0.835878274651256	1.45035192292493
-0.805937835091394	1.65529764509756
-0.801738807208828	2.59462963160669
-0.785535729984466	1.92937563788927
-0.768702835295082	1.41700407992308
-0.739046423670779	1.95105972239470
-0.730241231099583	2.01730527878849
-0.670731280241628	1.61681268452514
-0.665604256553705	1.77381571757626
-0.661863447325044	1.30992153794363
-0.658047165466702	2.29020296557935
-0.625909738989800	1.45569117355058
-0.617315079929537	2.16801564587487
-0.616914487199324	1.69289105086945
-0.612376648298094	1.74766172082918
-0.606665922289542	1.75239515509079
-0.605207681476998	1.92877719678151
-0.597925438286921	1.16896217134055
-0.594169265030497	1.63283428553383
-0.573976056164912	1.38701306475949
-0.558340869363328	1.32981611853263
